col_MainType <- c('Excitatory' = "#7570B3FF", 'Inhibitory' = "#E7298AFF",
                  "Oligo"="#614e96", "Astro"="#a90dfd", "NPC"="#84660c",
                  "Endo"="#983f00", "OPC"="#ed30a6", "VLMC"="#cccc01",
                  "Microglia"="#f89279")



col_SubType <- c("Neuroblast"="#838381", "Immature IT"="#c1b080", "NPC"="#84660c",
                 "L2/3 IT"="#342a85", "L4/5 IT"="#0a6ddd", "L5 IT"="#009acd", "L6 IT"="#31b69e",
                 "L5 PT"="#a1bc6a", "L5 NP"="#f7bc3e", "L6 CT"="#f7fa10",
                 "Lamp5"="#0e0786", "Pvalb"="#6902a4", "Sst"="#df6361", "Vip"="#f8a635",
                 "Astro"="#a90dfd","Endo"="#983f00","VLMC"="#cccc01","Microglia"="#f89279",
                 "Oligo"="#614e96","OPC"="#ed30a6")