col_MainType <- c('Excitatory' = "#7570B3FF", 'Inhibitory' = "#E7298AFF", 'NSC' = "#a90dfd",
                  'Astro' = "#d08fbe", 'Endo' = "#bb7967", 'VLMC' = '#cccc01', 
                  'Microglia' = "#00a7cf", 'Oligo' = "#5e45a6", 'OPC' = "#1470d6")

col_SubType <- c("L2/3 IT"="#342a85", "L4/5 IT"="#0a6ddd", "L5 IT"="#009acd", "L6 IT"="#31b69e",
                 "Neuroblast"="#838381", "Immature IT"="#c1b080", "NPC"="#84660c",
                 "L5 PT"="#a1bc6a", "L5 NP"="#f7bc3e", "L6 CT"="#f7fa10",
                 "Lamp5"="#0e0786", "Pvalb"="#6902a4", "Sst"="#df6361", "Vip"="#f8a635",
                 "Astro"="#a90dfd","Endo"="#983f00","VLMC"="#cccc01","Microglia"="#f89279",
                 "Oligo"="#614e96","OPC"="#ed30a6")

                             